{
 "cells": [
  {
   "cell_type": "markdown",
   "id": "70a5983c",
   "metadata": {},
   "source": [
    "In this notebook, we will build a 3D map of a scene from a small set of images and refine it with the featuremetric optimization. We then localize an image downloaded from the Internet and show the effect of the refinement."
   ]
  },
  {
   "cell_type": "markdown",
   "id": "bf7c6f36",
   "metadata": {},
   "source": [
    "# Setup\n",
    "We start by defining some output paths: where the intermediate files will be stored."
   ]
  },
  {
   "cell_type": "code",
   "execution_count": 11,
   "id": "379aa91d",
   "metadata": {},
   "outputs": [
    {
     "name": "stdout",
     "output_type": "stream",
     "text": [
      "The autoreload extension is already loaded. To reload it, use:\n",
      "  %reload_ext autoreload\n"
     ]
    }
   ],
   "source": [
    "%load_ext autoreload\n",
    "%autoreload 2\n",
    "import tqdm, tqdm.notebook\n",
    "tqdm.tqdm = tqdm.notebook.tqdm  # notebook-friendly progress bars\n",
    "import os\n",
    "import time\n",
    "import sys\n",
    "import numpy as np\n",
    "from hloc import extract_features, match_features, reconstruction, pairs_from_exhaustive, visualization\n",
    "from hloc.visualization import plot_images, read_image\n",
    "from hloc.utils.viz_3d import init_figure, plot_points, plot_reconstruction, plot_camera_colmap\n",
    "from pixsfm.util.visualize import init_image, plot_points2D\n",
    "from pixsfm.refine_hloc import PixSfM\n",
    "from pixsfm import ostream_redirect\n",
    "from PIL import Image, ImageDraw\n",
    "import pycolmap\n",
    "from pathlib import Path\n",
    "#import visualize_model\n",
    "# redirect the C++ outputs to notebook cells\n",
    "cpp_out = ostream_redirect(stderr=True, stdout=True)\n",
    "cpp_out.__enter__()"
   ]
  },
  {
   "cell_type": "code",
   "execution_count": 12,
   "id": "8b577c8a-72ac-48da-aac2-c4c2bd22c9f2",
   "metadata": {},
   "outputs": [
    {
     "name": "stdout",
     "output_type": "stream",
     "text": [
      "1.9.1+cu111\n",
      "['sm_37', 'sm_50', 'sm_60', 'sm_70', 'sm_75', 'sm_80', 'sm_86']\n"
     ]
    }
   ],
   "source": [
    "import torch \n",
    "print(torch.__version__)\n",
    "print(torch.cuda.get_arch_list())"
   ]
  },
  {
   "cell_type": "code",
   "execution_count": 13,
   "id": "b59a591d",
   "metadata": {},
   "outputs": [],
   "source": [
    "# images = Path('datasets/monarch/')\n",
    "# outputs = Path('outputs/monarch-demo/')\n",
    "# sfm_pairs = outputs / 'pairs-sfm.txt'\n",
    "# loc_pairs = outputs / 'pairs-loc.txt'\n",
    "# features = outputs / 'features.h5'\n",
    "# matches = outputs / 'matches.h5'\n",
    "# raw_dir = outputs / \"raw\"\n",
    "# ref_dir = outputs / \"ref\"\n",
    "# ''' model location in case of intrinsics locked '''\n",
    "# ref_dir_locked = outputs / \"ref_locked\"\n",
    "# ''' model location in case of intrinsics not locked '''\n",
    "# ref_dir_not_locked = outputs / \"ref_dir_not_locked\" "
   ]
  },
  {
   "cell_type": "markdown",
   "id": "ee3631a2",
   "metadata": {},
   "source": [
    "### Helper functions for relative pose calculations"
   ]
  },
  {
   "cell_type": "code",
   "execution_count": 14,
   "id": "0708a98e-2ea9-4808-bab6-a31983e21060",
   "metadata": {},
   "outputs": [],
   "source": [
    "'''\n",
    "e_lw => left camera pose in world frame (4 * 4)\n",
    "e_rw => right camera pose in world frame (4 * 4)\n",
    "'''\n",
    "#def calculate_relative_pose(e_lw, e_rw):\n",
    "def calculate_relative_pose(e_lw: np.ndarray, e_rw: np.ndarray):\n",
    "#     print(f\"Inside the calculate_relative_pose function\")\n",
    "    from scipy.spatial.transform import Rotation\n",
    "    e_wl = np.linalg.inv(e_lw)\n",
    "    #print(f\"e_wl: {e_wl}\")\n",
    "    #e_rl = e_rw * np.linalg.inv(e_lw) #right camera in the frame of the left camera\n",
    "    #e_rl = e_rw * e_wl #right camera in the frame of the left camera\n",
    "    #print(f\"e_rl: {e_rl}\")\n",
    "    e_rl = np.dot(e_rw,np.linalg.inv(e_lw))\n",
    "    print(f\"e_rl: \\n{e_rl}\")\n",
    "    R = e_rl[:3,:3] #extracting the rotation matrix\n",
    "    dx = e_rl[0,3]\n",
    "    dy = e_rl[1,3]\n",
    "    dz = e_rl[2,3]\n",
    "    dquat = Rotation.from_matrix(R).as_quat()\n",
    "    #rel_pose =  [dx, dy] + dquat\n",
    "    rel_pose = [dx,dy,dz]\n",
    "    for q in dquat: \n",
    "        rel_pose.append(q)\n",
    "    return rel_pose\n",
    "    #return [dx,dy]\n",
    "    #print(f\"dx: {dx} dy: {dy} dquat: {dquat}\")\n",
    "\n",
    "\n",
    "def cam_extrinsics(img):\n",
    "    from read_write_model import qvec2rotmat\n",
    "    R = qvec2rotmat(img.qvec)\n",
    "    t = img.tvec.reshape(3,-1)\n",
    "    #print(f\"R: {R} t: {t}\")\n",
    "    R_t = np.concatenate((R,t), axis = 1)\n",
    "    #R_t = np.vstack([np.array([0,0,0,1]), R_t])\n",
    "    R_t = np.vstack([R_t, np.array([0,0,0,1])])\n",
    "    return R_t    #  4 * 4 matrix\n",
    "\n",
    "def calculate_relative_pose_between(left_idx: int, right_idx: int):\n",
    "    left_img = sparse_img_dict[left_idx]\n",
    "    right_img = sparse_img_dict[right_idx]\n",
    "    e_lw = cam_extrinsics(left_img)  #left camera pose w.r.t. world\n",
    "    e_rw = cam_extrinsics(right_img) #right camera pose w.r.t world\n",
    "    rel_pose = calculate_relative_pose(e_lw, e_rw)\n",
    "    return rel_pose\n",
    "\n",
    "\n",
    "    "
   ]
  },
  {
   "cell_type": "markdown",
   "id": "77860966-409a-45fb-9df0-28f0a3794f69",
   "metadata": {},
   "source": [
    "### Camera positions WITHOUT Rig Bundle Adjustment"
   ]
  },
  {
   "cell_type": "code",
   "execution_count": 18,
   "id": "a16b074e-76b1-480c-af86-c4aa3ddefff6",
   "metadata": {},
   "outputs": [
    {
     "name": "stdout",
     "output_type": "stream",
     "text": [
      "sparse_dir: /home/skumar/ext_ssd/workstation-sfm-setup/output-backend/sparse-reconstruction/vineyards/RJM/front_2024-06-06-09-26-19.svo/4_to_126/ref_locked\n"
     ]
    }
   ],
   "source": [
    "from pathlib import Path\n",
    "sparse_dir = Path(\"/home/skumar/ext_ssd/workstation-sfm-setup/output-backend/sparse-reconstruction/vineyards/RJM/front_2024-06-06-09-26-19.svo/4_to_126/ref_locked\")\n",
    " \n",
    "print(f\"sparse_dir: {sparse_dir.as_posix()}\")\n",
    "sparse_images = sparse_dir / \"images.bin\"\n",
    "sparse_points3D = sparse_dir / \"points3D.bin\"\n",
    "sparse_cameras = sparse_dir / \"cameras.bin\""
   ]
  },
  {
   "cell_type": "code",
   "execution_count": 19,
   "id": "ba4122ae",
   "metadata": {},
   "outputs": [
    {
     "name": "stdout",
     "output_type": "stream",
     "text": [
      "120 ==> dict_keys([120, 119, 118, 117, 116, 115, 114, 113, 112, 111, 110, 109, 108, 107, 106, 105, 104, 103, 102, 101, 100, 99, 98, 97, 96, 95, 94, 93, 92, 91, 90, 89, 88, 87, 86, 85, 84, 83, 82, 81, 80, 79, 78, 77, 76, 75, 74, 73, 72, 71, 70, 69, 68, 67, 66, 65, 64, 63, 62, 61, 60, 29, 28, 27, 26, 25, 24, 23, 22, 21, 20, 19, 18, 17, 16, 15, 14, 1, 2, 3, 4, 5, 6, 7, 8, 9, 10, 11, 12, 13, 30, 31, 32, 33, 34, 35, 36, 37, 38, 39, 40, 41, 42, 43, 44, 45, 46, 47, 48, 49, 50, 51, 52, 53, 54, 55, 56, 57, 58, 59])\n",
      "min_key: 1 mx_key: 120\n"
     ]
    }
   ],
   "source": [
    "import sys\n",
    "sys.path.append(os.path.expandvars('$HOME/colmap/scripts/python'))\n",
    "#sys.path.append(\"/home/skumar/colmap/scripts/python\")\n",
    "from read_write_model import read_images_binary \n",
    "sparse_img_dict = read_images_binary(sparse_images)\n",
    "print(f\"{len(sparse_img_dict.keys())} ==> {sparse_img_dict.keys()}\")\n",
    "print(f\"min_key: {min(sparse_img_dict.keys())} mx_key: {max(sparse_img_dict.keys())}\")"
   ]
  },
  {
   "cell_type": "code",
   "execution_count": 24,
   "id": "b633f78d-7fba-4d8d-8ab1-cd445552e066",
   "metadata": {},
   "outputs": [
    {
     "name": "stdout",
     "output_type": "stream",
     "text": [
      "e_rl: \n",
      "[[ 0.9998702  -0.01593678 -0.00236674 -0.02419441]\n",
      " [ 0.01580727  0.9987589  -0.04723114  0.08034733]\n",
      " [ 0.00311651  0.0471876   0.99888118  0.0300515 ]\n",
      " [ 0.          0.          0.          1.        ]]\n",
      "e_rl: \n",
      "[[ 0.99976673 -0.01922949 -0.00983377 -0.01154362]\n",
      " [ 0.01888176  0.99923289 -0.03430901  0.0452137 ]\n",
      " [ 0.01048598  0.03411533  0.99936289  0.00867532]\n",
      " [ 0.          0.          0.          1.        ]]\n",
      "e_rl: \n",
      "[[ 0.99997615 -0.0045439  -0.00520115 -0.01046154]\n",
      " [ 0.00419349  0.99784334 -0.06550631  0.09911693]\n",
      " [ 0.00548759  0.06548294  0.9978386   0.02450474]\n",
      " [ 0.          0.          0.          1.        ]]\n",
      "e_rl: \n",
      "[[ 9.99948793e-01 -2.90615593e-04 -1.01157139e-02  1.48009222e-03]\n",
      " [-1.04439241e-04  9.99237989e-01 -3.90311588e-02  5.72238565e-02]\n",
      " [ 1.01193486e-02  3.90302166e-02  9.99186790e-01  1.15025936e-02]\n",
      " [ 0.00000000e+00  0.00000000e+00  0.00000000e+00  1.00000000e+00]]\n",
      "e_rl: \n",
      "[[ 0.99982709  0.00236794 -0.01844428  0.0142415 ]\n",
      " [-0.00268778  0.99984612 -0.01733553  0.02599121]\n",
      " [ 0.01840039  0.01738211  0.99967959 -0.00485914]\n",
      " [ 0.          0.          0.          1.        ]]\n",
      "e_rl: \n",
      "[[ 9.99999971e-01  2.24657240e-04 -8.83306030e-05 -3.32148187e-02]\n",
      " [-2.24630547e-04  9.99999929e-01  3.02093364e-04 -4.66832263e-04]\n",
      " [ 8.83984642e-05 -3.02073514e-04  9.99999950e-01 -1.28351207e-03]\n",
      " [ 0.00000000e+00  0.00000000e+00  0.00000000e+00  1.00000000e+00]]\n",
      "e_rl: \n",
      "[[ 0.99981673  0.00209276 -0.01902942  0.01451832]\n",
      " [-0.00226135  0.99995835 -0.00884192  0.01323469]\n",
      " [ 0.01901013  0.00888333  0.99977983 -0.00679738]\n",
      " [ 0.          0.          0.          1.        ]]\n",
      "e_rl: \n",
      "[[ 0.99982935  0.00301872 -0.01822517  0.01342443]\n",
      " [-0.0028954   0.99997276  0.00678897 -0.00686171]\n",
      " [ 0.01824516 -0.00673504  0.99981086 -0.00975687]\n",
      " [ 0.          0.          0.          1.        ]]\n",
      "e_rl: \n",
      "[[ 0.99998749 -0.00118101 -0.00486076 -0.00695657]\n",
      " [ 0.00104819  0.9996284  -0.02723903  0.03234062]\n",
      " [ 0.00489112  0.02723359  0.99961713  0.00731205]\n",
      " [ 0.          0.          0.          1.        ]]\n",
      "e_rl: \n",
      "[[ 9.99969497e-01  7.48941617e-04 -7.77458360e-03 -4.37581090e-03]\n",
      " [-7.53122950e-04  9.99999573e-01 -5.34907056e-04  1.39028658e-04]\n",
      " [ 7.77417967e-03  5.40745957e-04  9.99969634e-01  3.48721584e-04]\n",
      " [ 0.00000000e+00  0.00000000e+00  0.00000000e+00  1.00000000e+00]]\n",
      "e_rl: \n",
      "[[ 9.99999913e-01 -1.30886087e-04 -3.95601888e-04 -1.54994086e-02]\n",
      " [ 1.30795226e-04  9.99999965e-01 -2.29695779e-04 -1.09787453e-05]\n",
      " [ 3.95631939e-04  2.29644017e-04  9.99999895e-01  8.84326504e-05]\n",
      " [ 0.00000000e+00  0.00000000e+00  0.00000000e+00  1.00000000e+00]]\n",
      "e_rl: \n",
      "[[ 9.99999995e-01  9.16708092e-06  9.58763264e-05 -1.62381030e-02]\n",
      " [-9.20615964e-06  9.99999917e-01  4.07602625e-04 -2.86216451e-04]\n",
      " [-9.58725819e-05 -4.07603506e-04  9.99999912e-01 -5.77113743e-04]\n",
      " [ 0.00000000e+00  0.00000000e+00  0.00000000e+00  1.00000000e+00]]\n",
      "e_rl: \n",
      "[[ 9.99999981e-01  1.96468768e-04 -7.22186624e-06 -1.61348923e-02]\n",
      " [-1.96466373e-04  9.99999926e-01  3.30225103e-04 -2.47638507e-04]\n",
      " [ 7.28674463e-06 -3.30223678e-04  9.99999945e-01 -6.19324746e-04]\n",
      " [ 0.00000000e+00  0.00000000e+00  0.00000000e+00  1.00000000e+00]]\n",
      "e_rl: \n",
      "[[ 9.99999962e-01  2.44523202e-04  1.23363181e-04 -1.63089443e-02]\n",
      " [-2.44573491e-04  9.99999887e-01  4.07792110e-04 -2.72631338e-04]\n",
      " [-1.23263452e-04 -4.07822266e-04  9.99999909e-01 -5.81798151e-04]\n",
      " [ 0.00000000e+00  0.00000000e+00  0.00000000e+00  1.00000000e+00]]\n",
      "e_rl: \n",
      "[[ 1.00000000e+00  2.21017142e-05  1.73560029e-05 -3.35716066e-02]\n",
      " [-2.21063401e-05  9.99999964e-01  2.66576303e-04 -4.75552106e-04]\n",
      " [-1.73501105e-05 -2.66576687e-04  9.99999964e-01 -1.35204171e-03]\n",
      " [ 0.00000000e+00  0.00000000e+00  0.00000000e+00  1.00000000e+00]]\n",
      "e_rl: \n",
      "[[ 9.99999997e-01  5.96465952e-05 -4.00577517e-05 -3.35745107e-02]\n",
      " [-5.96335795e-05  9.99999945e-01  3.24845779e-04 -5.28683921e-04]\n",
      " [ 4.00771255e-05 -3.24843389e-04  9.99999946e-01 -1.25299092e-03]\n",
      " [ 0.00000000e+00  0.00000000e+00  0.00000000e+00  1.00000000e+00]]\n",
      "e_rl: \n",
      "[[ 9.99999992e-01  1.21664424e-04 -2.85920996e-05 -3.36650900e-02]\n",
      " [-1.21657505e-04  9.99999963e-01  2.41882290e-04 -5.23096257e-04]\n",
      " [ 2.86215270e-05 -2.41878809e-04  9.99999970e-01 -1.31114552e-03]\n",
      " [ 0.00000000e+00  0.00000000e+00  0.00000000e+00  1.00000000e+00]]\n",
      "e_rl: \n",
      "[[ 9.99999976e-01  1.58396263e-04  1.52698460e-04 -3.40282732e-02]\n",
      " [-1.58421943e-04  9.99999973e-01  1.68172320e-04 -3.34344384e-04]\n",
      " [-1.52671818e-04 -1.68196506e-04  9.99999974e-01 -1.26338879e-03]\n",
      " [ 0.00000000e+00  0.00000000e+00  0.00000000e+00  1.00000000e+00]]\n",
      "e_rl: \n",
      "[[ 9.99999993e-01  7.59225041e-05 -8.64561787e-05 -3.35810037e-02]\n",
      " [-7.59067882e-05  9.99999981e-01  1.81768480e-04 -3.81522972e-04]\n",
      " [ 8.64699774e-05 -1.81761916e-04  9.99999980e-01 -1.09307745e-03]\n",
      " [ 0.00000000e+00  0.00000000e+00  0.00000000e+00  1.00000000e+00]]\n",
      "e_rl: \n",
      "[[ 9.99999993e-01  1.11641291e-04  3.21963331e-05 -3.40316466e-02]\n",
      " [-1.11650128e-04  9.99999956e-01  2.74596833e-04 -5.82471660e-04]\n",
      " [-3.21656754e-05 -2.74600426e-04  9.99999962e-01 -1.27108881e-03]\n",
      " [ 0.00000000e+00  0.00000000e+00  0.00000000e+00  1.00000000e+00]]\n",
      "e_rl: \n",
      "[[ 9.99999968e-01  2.09535413e-04  1.45081522e-04 -3.42061391e-02]\n",
      " [-2.09550825e-04  9.99999972e-01  1.06222821e-04 -3.96292062e-04]\n",
      " [-1.45059260e-04 -1.06253219e-04  9.99999984e-01 -1.09045997e-03]\n",
      " [ 0.00000000e+00  0.00000000e+00  0.00000000e+00  1.00000000e+00]]\n",
      "e_rl: \n",
      "[[ 9.99999997e-01  7.37563339e-05  1.44307836e-05 -3.40985957e-02]\n",
      " [-7.37582448e-05  9.99999989e-01  1.32457503e-04 -3.83578327e-04]\n",
      " [-1.44210138e-05 -1.32458567e-04  9.99999991e-01 -1.22712831e-03]\n",
      " [ 0.00000000e+00  0.00000000e+00  0.00000000e+00  1.00000000e+00]]\n",
      "e_rl: \n",
      "[[ 9.99999990e-01 -3.53086034e-05  1.36314912e-04 -3.43457488e-02]\n",
      " [ 3.52839356e-05  9.99999983e-01  1.80959612e-04 -3.70875589e-04]\n",
      " [-1.36321299e-04 -1.80954800e-04  9.99999974e-01 -1.20360366e-03]\n",
      " [ 0.00000000e+00  0.00000000e+00  0.00000000e+00  1.00000000e+00]]\n",
      "e_rl: \n",
      "[[ 1.00000000e+00  1.16924542e-05 -1.26157601e-05 -3.39675980e-02]\n",
      " [-1.16897467e-05  9.99999977e-01  2.14592579e-04 -4.94784250e-04]\n",
      " [ 1.26182689e-05 -2.14592432e-04  9.99999977e-01 -1.19001555e-03]\n",
      " [ 0.00000000e+00  0.00000000e+00  0.00000000e+00  1.00000000e+00]]\n",
      "e_rl: \n",
      "[[ 9.99999992e-01 -9.70889508e-05  7.72199654e-05 -3.42538281e-02]\n",
      " [ 9.70776898e-05  9.99999985e-01  1.45821712e-04 -4.34646862e-04]\n",
      " [-7.72341219e-05 -1.45814215e-04  9.99999986e-01 -1.19708764e-03]\n",
      " [ 0.00000000e+00  0.00000000e+00  0.00000000e+00  1.00000000e+00]]\n",
      "e_rl: \n",
      "[[ 9.99999993e-01 -5.54275062e-05  1.03871065e-04 -3.43692600e-02]\n",
      " [ 5.54137164e-05  9.99999990e-01  1.32757004e-04 -3.33075591e-04]\n",
      " [-1.03878422e-04 -1.32751247e-04  9.99999986e-01 -1.17834624e-03]\n",
      " [ 0.00000000e+00  0.00000000e+00  0.00000000e+00  1.00000000e+00]]\n",
      "e_rl: \n",
      "[[ 9.99999995e-01  6.70377233e-06 -9.70512031e-05 -3.41265746e-02]\n",
      " [-6.69674764e-06  9.99999997e-01  7.23813540e-05 -2.98229060e-04]\n",
      " [ 9.70516880e-05 -7.23807037e-05  9.99999993e-01 -9.49693783e-04]\n",
      " [ 0.00000000e+00  0.00000000e+00  0.00000000e+00  1.00000000e+00]]\n",
      "e_rl: \n",
      "[[ 0.99976706 -0.0186792  -0.0108129  -0.01654216]\n",
      " [ 0.01805573  0.99831543 -0.05513885  0.27830421]\n",
      " [ 0.01182464  0.05493077  0.99842015  0.12081565]\n",
      " [ 0.          0.          0.          1.        ]]\n",
      "e_rl: \n",
      "[[ 9.99983235e-01 -3.49435323e-05 -5.79037628e-03 -9.98277084e-03]\n",
      " [ 1.88765243e-05  9.99996150e-01 -2.77480929e-03  7.95876590e-03]\n",
      " [ 5.79045095e-03  2.77465347e-03  9.99979386e-01  2.11150996e-02]\n",
      " [ 0.00000000e+00  0.00000000e+00  0.00000000e+00  1.00000000e+00]]\n",
      "e_rl: \n",
      "[[ 0.99990929 -0.0118074  -0.00648119 -0.02697087]\n",
      " [ 0.01157518  0.99932837 -0.03476806  0.16774832]\n",
      " [ 0.00688736  0.03468989  0.99937439  0.07665001]\n",
      " [ 0.          0.          0.          1.        ]]\n",
      "e_rl: \n",
      "[[ 0.99988566 -0.01495407  0.0022447  -0.09817541]\n",
      " [ 0.01503409  0.99903244 -0.04132979  0.19235238]\n",
      " [-0.00162448  0.04135881  0.99914304  0.0951498 ]\n",
      " [ 0.          0.          0.          1.        ]]\n",
      "e_rl: \n",
      "[[ 0.99988372 -0.01417351 -0.0056269  -0.03013845]\n",
      " [ 0.01388614  0.99874176 -0.0481878   0.21977264]\n",
      " [ 0.00630281  0.04810406  0.99882244  0.09182813]\n",
      " [ 0.          0.          0.          1.        ]]\n",
      "e_rl: \n",
      "[[ 0.99992775 -0.01123851 -0.00426558 -0.03589479]\n",
      " [ 0.0110541   0.99909645 -0.04103762  0.18219936]\n",
      " [ 0.00472293  0.0409875   0.9991485   0.07589355]\n",
      " [ 0.          0.          0.          1.        ]]\n",
      "e_rl: \n",
      "[[ 0.99991016 -0.01205996 -0.00585034 -0.02432897]\n",
      " [ 0.01175412  0.99869197 -0.04976134  0.21279417]\n",
      " [ 0.0064428   0.0496881   0.998744    0.08324253]\n",
      " [ 0.          0.          0.          1.        ]]\n",
      "e_rl: \n",
      "[[ 0.99992017 -0.01092144 -0.00635374 -0.01982708]\n",
      " [ 0.01059228  0.99870716 -0.04971729  0.20583402]\n",
      " [ 0.00688851  0.04964602  0.99874312  0.08105613]\n",
      " [ 0.          0.          0.          1.        ]]\n",
      "e_rl: \n",
      "[[ 9.99915642e-01 -1.29819084e-02 -4.24150982e-04 -6.95550124e-02]\n",
      " [ 1.29442645e-02  9.98655923e-01 -5.01875842e-02  2.07120344e-01]\n",
      " [ 1.07511151e-03  5.01778602e-02  9.98739719e-01  7.06043448e-02]\n",
      " [ 0.00000000e+00  0.00000000e+00  0.00000000e+00  1.00000000e+00]]\n",
      "e_rl: \n",
      "[[ 0.99995859 -0.00527788 -0.00741366 -0.00398984]\n",
      " [ 0.00504417  0.99950051 -0.03119758  0.12355345]\n",
      " [ 0.00757462  0.03115889  0.99948574  0.04308413]\n",
      " [ 0.          0.          0.          1.        ]]\n",
      "e_rl: \n",
      "[[ 0.99993901 -0.00935716 -0.005866   -0.02048744]\n",
      " [ 0.00907214  0.99886004 -0.0468649   0.18004654]\n",
      " [ 0.00629783  0.04680882  0.99888401  0.06032538]\n",
      " [ 0.          0.          0.          1.        ]]\n",
      "e_rl: \n",
      "[[ 0.99993643 -0.0104987  -0.00411376 -0.02789318]\n",
      " [ 0.01027208  0.99860976 -0.05170132  0.18734121]\n",
      " [ 0.00465084  0.05165578  0.99865412  0.07063574]\n",
      " [ 0.          0.          0.          1.        ]]\n",
      "e_rl: \n",
      "[[ 0.99994314 -0.00966406 -0.00450902 -0.02156727]\n",
      " [ 0.00941364  0.99857164 -0.05259336  0.18384014]\n",
      " [ 0.00501085  0.05254792  0.99860583  0.06892077]\n",
      " [ 0.          0.          0.          1.        ]]\n",
      "e_rl: \n",
      "[[ 0.99994244 -0.00915298 -0.00559881 -0.01634537]\n",
      " [ 0.00883849  0.99851117 -0.05382683  0.18429214]\n",
      " [ 0.00608315  0.05377425  0.99853459  0.0652665 ]\n",
      " [ 0.          0.          0.          1.        ]]\n",
      "e_rl: \n",
      "[[ 0.99994206 -0.00935011 -0.00533473 -0.02018254]\n",
      " [ 0.00905869  0.99859253 -0.05225804  0.17017354]\n",
      " [ 0.00581584  0.05220668  0.99861937  0.06432464]\n",
      " [ 0.          0.          0.          1.        ]]\n",
      "e_rl: \n",
      "[[ 0.9999527  -0.00958107 -0.00167062 -0.03726874]\n",
      " [ 0.00949535  0.99892349 -0.04540587  0.14425419]\n",
      " [ 0.00210386  0.04538786  0.99896722  0.05334135]\n",
      " [ 0.          0.          0.          1.        ]]\n",
      "e_rl: \n",
      "[[ 9.99999984e-01  1.66399901e-04 -7.25083842e-05 -3.32306320e-02]\n",
      " [-1.66372935e-04  9.99999917e-01  3.71754914e-04 -5.78058455e-04]\n",
      " [ 7.25702381e-05 -3.71742845e-04  9.99999928e-01 -1.36502863e-03]\n",
      " [ 0.00000000e+00  0.00000000e+00  0.00000000e+00  1.00000000e+00]]\n",
      "e_rl: \n",
      "[[ 0.99995087 -0.00870745 -0.00473582 -0.02031303]\n",
      " [ 0.008477    0.99887396 -0.04667927  0.14396409]\n",
      " [ 0.00513694  0.04663683  0.9988987   0.04798875]\n",
      " [ 0.          0.          0.          1.        ]]\n",
      "e_rl: \n",
      "[[ 0.99994096 -0.00876372 -0.00642385 -0.01277032]\n",
      " [ 0.0084486   0.99883358 -0.04754055  0.14270098]\n",
      " [ 0.00683299  0.04748347  0.99884865  0.04635982]\n",
      " [ 0.          0.          0.          1.        ]]\n",
      "e_rl: \n",
      "[[ 0.99995311 -0.00796705 -0.005504   -0.01612426]\n",
      " [ 0.00771598  0.99899186 -0.04422365  0.12659783]\n",
      " [ 0.00585078  0.04417911  0.99900649  0.04493235]\n",
      " [ 0.          0.          0.          1.        ]]\n",
      "e_rl: \n",
      "[[ 9.99999430e-01 -1.02222254e-03  3.07077593e-04 -3.56776690e-02]\n",
      " [ 1.02300110e-03  9.99996236e-01 -2.54600646e-03  5.17563054e-03]\n",
      " [-3.04473851e-04  2.54631915e-03  9.99996712e-01  7.51037513e-03]\n",
      " [ 0.00000000e+00  0.00000000e+00  0.00000000e+00  1.00000000e+00]]\n",
      "e_rl: \n",
      "[[ 0.99993389 -0.01141498 -0.00138152 -0.03355184]\n",
      " [ 0.01130717  0.99800576 -0.06210191  0.16422786]\n",
      " [ 0.00208766  0.06208218  0.99806886  0.05754994]\n",
      " [ 0.          0.          0.          1.        ]]\n",
      "e_rl: \n",
      "[[ 0.99995523 -0.00796701 -0.00510605 -0.01678758]\n",
      " [ 0.0076817   0.99853014 -0.05365214  0.1382437 ]\n",
      " [ 0.00552599  0.05361052  0.99854663  0.0421769 ]\n",
      " [ 0.          0.          0.          1.        ]]\n",
      "e_rl: \n",
      "[[ 0.99995344 -0.00958883 -0.00108668 -0.0305795 ]\n",
      " [ 0.00950897  0.99824633 -0.05842816  0.14372312]\n",
      " [ 0.00164503  0.05841511  0.99829102  0.04588257]\n",
      " [ 0.          0.          0.          1.        ]]\n",
      "e_rl: \n",
      "[[ 0.99996824 -0.00742101 -0.0029053  -0.02467194]\n",
      " [ 0.00728966  0.99905399 -0.04287168  0.10162677]\n",
      " [ 0.00322071  0.04284914  0.99907636  0.03463092]\n",
      " [ 0.          0.          0.          1.        ]]\n",
      "e_rl: \n",
      "[[ 0.99995308 -0.00826203 -0.00505814 -0.01685169]\n",
      " [ 0.00799545  0.99868548 -0.05062982  0.11435996]\n",
      " [ 0.0054698   0.05058701  0.99870468  0.03566853]\n",
      " [ 0.          0.          0.          1.        ]]\n",
      "e_rl: \n",
      "[[ 0.99993741 -0.00941754 -0.00603959 -0.01325078]\n",
      " [ 0.00904307  0.99819992 -0.05928857  0.12840321]\n",
      " [ 0.00658708  0.05923024  0.99822261  0.03878471]\n",
      " [ 0.          0.          0.          1.        ]]\n",
      "e_rl: \n",
      "[[ 9.99999987e-01  1.56276459e-04  2.92991301e-05 -3.34769156e-02]\n",
      " [-1.56289774e-04  9.99999884e-01  4.54998963e-04 -6.67714693e-04]\n",
      " [-2.92280211e-05 -4.55003537e-04  9.99999896e-01 -1.41766383e-03]\n",
      " [ 0.00000000e+00  0.00000000e+00  0.00000000e+00  1.00000000e+00]]\n",
      "e_rl: \n",
      "[[ 0.99995071 -0.00980051 -0.00159015 -0.02770287]\n",
      " [ 0.00970538  0.99861954 -0.05162188  0.10822158]\n",
      " [ 0.00209387  0.05160391  0.99866544  0.03241983]\n",
      " [ 0.          0.          0.          1.        ]]\n",
      "e_rl: \n",
      "[[ 0.99992803 -0.00890304 -0.0080412  -0.0068613 ]\n",
      " [ 0.00838016  0.99798653 -0.06287021  0.12433008]\n",
      " [ 0.00858474  0.06279829  0.99798932  0.03204611]\n",
      " [ 0.          0.          0.          1.        ]]\n",
      "e_rl: \n",
      "[[ 9.99953575e-01 -9.63305669e-03 -2.29741433e-04 -2.79603115e-02]\n",
      " [ 9.60318640e-03  9.98246101e-01 -5.84166059e-02  1.09282746e-01]\n",
      " [ 7.92068965e-04  5.84116876e-02  9.98292266e-01  3.32815026e-02]\n",
      " [ 0.00000000e+00  0.00000000e+00  0.00000000e+00  1.00000000e+00]]\n",
      "e_rl: \n",
      "[[ 0.99988769 -0.01481848  0.00224135 -0.04072667]\n",
      " [ 0.01490434  0.99887616 -0.04499204  0.081839  ]\n",
      " [-0.00157212  0.0450204   0.99898483  0.02290463]\n",
      " [ 0.          0.          0.          1.        ]]\n",
      "e_rl: \n",
      "[[ 0.9998708  -0.01582133 -0.00284022 -0.02483819]\n",
      " [ 0.01568292  0.99893083 -0.04348836  0.07612968]\n",
      " [ 0.00352523  0.04343819  0.9990499   0.03206899]\n",
      " [ 0.          0.          0.          1.        ]]\n"
     ]
    }
   ],
   "source": [
    "import numpy as np\n",
    "rel_poses = []\n",
    "num_images = len(sparse_img_dict.keys())\n",
    "for idx in range(1, num_images // 2 + 1):\n",
    "    left_img = sparse_img_dict[idx]\n",
    "    right_img = sparse_img_dict[idx + (num_images // 2)]\n",
    "#     print(f\"left_img_name: {left_img.name} right_img_name: {right_img.name}\")\n",
    "    e_lw = cam_extrinsics(left_img)  #left camera pose w.r.t. world\n",
    "    e_rw = cam_extrinsics(right_img) #right camera pose w.r.t world\n",
    "    e_rl = calculate_relative_pose(e_lw, e_rw)\n",
    "    rel_poses.append(e_rl)"
   ]
  },
  {
   "cell_type": "code",
   "execution_count": 25,
   "id": "bd34d636-d470-4273-8c9c-258d08e313a2",
   "metadata": {},
   "outputs": [
    {
     "data": {
      "text/html": [
       "<style type=\"text/css\">\n",
       "</style>\n",
       "<table id=\"T_7181d\">\n",
       "  <thead>\n",
       "    <tr>\n",
       "      <th class=\"blank level0\" >&nbsp;</th>\n",
       "      <th id=\"T_7181d_level0_col0\" class=\"col_heading level0 col0\" >dx</th>\n",
       "      <th id=\"T_7181d_level0_col1\" class=\"col_heading level0 col1\" >dy</th>\n",
       "      <th id=\"T_7181d_level0_col2\" class=\"col_heading level0 col2\" >dz</th>\n",
       "      <th id=\"T_7181d_level0_col3\" class=\"col_heading level0 col3\" >qx</th>\n",
       "      <th id=\"T_7181d_level0_col4\" class=\"col_heading level0 col4\" >qy</th>\n",
       "      <th id=\"T_7181d_level0_col5\" class=\"col_heading level0 col5\" >qz</th>\n",
       "      <th id=\"T_7181d_level0_col6\" class=\"col_heading level0 col6\" >qw</th>\n",
       "    </tr>\n",
       "  </thead>\n",
       "  <tbody>\n",
       "    <tr>\n",
       "      <th id=\"T_7181d_level0_row0\" class=\"row_heading level0 row0\" >0</th>\n",
       "      <td id=\"T_7181d_row0_col0\" class=\"data row0 col0\" >-0.024194</td>\n",
       "      <td id=\"T_7181d_row0_col1\" class=\"data row0 col1\" >0.080347</td>\n",
       "      <td id=\"T_7181d_row0_col2\" class=\"data row0 col2\" >0.030052</td>\n",
       "      <td id=\"T_7181d_row0_col3\" class=\"data row0 col3\" >0.023612</td>\n",
       "      <td id=\"T_7181d_row0_col4\" class=\"data row0 col4\" >-0.001371</td>\n",
       "      <td id=\"T_7181d_row0_col5\" class=\"data row0 col5\" >0.007938</td>\n",
       "      <td id=\"T_7181d_row0_col6\" class=\"data row0 col6\" >0.999689</td>\n",
       "    </tr>\n",
       "    <tr>\n",
       "      <th id=\"T_7181d_level0_row1\" class=\"row_heading level0 row1\" >1</th>\n",
       "      <td id=\"T_7181d_row1_col0\" class=\"data row1 col0\" >-0.011544</td>\n",
       "      <td id=\"T_7181d_row1_col1\" class=\"data row1 col1\" >0.045214</td>\n",
       "      <td id=\"T_7181d_row1_col2\" class=\"data row1 col2\" >0.008675</td>\n",
       "      <td id=\"T_7181d_row1_col3\" class=\"data row1 col3\" >0.017110</td>\n",
       "      <td id=\"T_7181d_row1_col4\" class=\"data row1 col4\" >-0.005081</td>\n",
       "      <td id=\"T_7181d_row1_col5\" class=\"data row1 col5\" >0.009530</td>\n",
       "      <td id=\"T_7181d_row1_col6\" class=\"data row1 col6\" >0.999795</td>\n",
       "    </tr>\n",
       "    <tr>\n",
       "      <th id=\"T_7181d_level0_row2\" class=\"row_heading level0 row2\" >2</th>\n",
       "      <td id=\"T_7181d_row2_col0\" class=\"data row2 col0\" >-0.010462</td>\n",
       "      <td id=\"T_7181d_row2_col1\" class=\"data row2 col1\" >0.099117</td>\n",
       "      <td id=\"T_7181d_row2_col2\" class=\"data row2 col2\" >0.024505</td>\n",
       "      <td id=\"T_7181d_row2_col3\" class=\"data row2 col3\" >0.032765</td>\n",
       "      <td id=\"T_7181d_row2_col4\" class=\"data row2 col4\" >-0.002674</td>\n",
       "      <td id=\"T_7181d_row2_col5\" class=\"data row2 col5\" >0.002186</td>\n",
       "      <td id=\"T_7181d_row2_col6\" class=\"data row2 col6\" >0.999457</td>\n",
       "    </tr>\n",
       "    <tr>\n",
       "      <th id=\"T_7181d_level0_row3\" class=\"row_heading level0 row3\" >3</th>\n",
       "      <td id=\"T_7181d_row3_col0\" class=\"data row3 col0\" >0.001480</td>\n",
       "      <td id=\"T_7181d_row3_col1\" class=\"data row3 col1\" >0.057224</td>\n",
       "      <td id=\"T_7181d_row3_col2\" class=\"data row3 col2\" >0.011503</td>\n",
       "      <td id=\"T_7181d_row3_col3\" class=\"data row3 col3\" >0.019519</td>\n",
       "      <td id=\"T_7181d_row3_col4\" class=\"data row3 col4\" >-0.005060</td>\n",
       "      <td id=\"T_7181d_row3_col5\" class=\"data row3 col5\" >0.000047</td>\n",
       "      <td id=\"T_7181d_row3_col6\" class=\"data row3 col6\" >0.999797</td>\n",
       "    </tr>\n",
       "    <tr>\n",
       "      <th id=\"T_7181d_level0_row4\" class=\"row_heading level0 row4\" >4</th>\n",
       "      <td id=\"T_7181d_row4_col0\" class=\"data row4 col0\" >0.014242</td>\n",
       "      <td id=\"T_7181d_row4_col1\" class=\"data row4 col1\" >0.025991</td>\n",
       "      <td id=\"T_7181d_row4_col2\" class=\"data row4 col2\" >-0.004859</td>\n",
       "      <td id=\"T_7181d_row4_col3\" class=\"data row4 col3\" >0.008680</td>\n",
       "      <td id=\"T_7181d_row4_col4\" class=\"data row4 col4\" >-0.009212</td>\n",
       "      <td id=\"T_7181d_row4_col5\" class=\"data row4 col5\" >-0.001264</td>\n",
       "      <td id=\"T_7181d_row4_col6\" class=\"data row4 col6\" >0.999919</td>\n",
       "    </tr>\n",
       "    <tr>\n",
       "      <th id=\"T_7181d_level0_row5\" class=\"row_heading level0 row5\" >5</th>\n",
       "      <td id=\"T_7181d_row5_col0\" class=\"data row5 col0\" >-0.033215</td>\n",
       "      <td id=\"T_7181d_row5_col1\" class=\"data row5 col1\" >-0.000467</td>\n",
       "      <td id=\"T_7181d_row5_col2\" class=\"data row5 col2\" >-0.001284</td>\n",
       "      <td id=\"T_7181d_row5_col3\" class=\"data row5 col3\" >-0.000151</td>\n",
       "      <td id=\"T_7181d_row5_col4\" class=\"data row5 col4\" >-0.000044</td>\n",
       "      <td id=\"T_7181d_row5_col5\" class=\"data row5 col5\" >-0.000112</td>\n",
       "      <td id=\"T_7181d_row5_col6\" class=\"data row5 col6\" >1.000000</td>\n",
       "    </tr>\n",
       "    <tr>\n",
       "      <th id=\"T_7181d_level0_row6\" class=\"row_heading level0 row6\" >6</th>\n",
       "      <td id=\"T_7181d_row6_col0\" class=\"data row6 col0\" >0.014518</td>\n",
       "      <td id=\"T_7181d_row6_col1\" class=\"data row6 col1\" >0.013235</td>\n",
       "      <td id=\"T_7181d_row6_col2\" class=\"data row6 col2\" >-0.006797</td>\n",
       "      <td id=\"T_7181d_row6_col3\" class=\"data row6 col3\" >0.004432</td>\n",
       "      <td id=\"T_7181d_row6_col4\" class=\"data row6 col4\" >-0.009510</td>\n",
       "      <td id=\"T_7181d_row6_col5\" class=\"data row6 col5\" >-0.001089</td>\n",
       "      <td id=\"T_7181d_row6_col6\" class=\"data row6 col6\" >0.999944</td>\n",
       "    </tr>\n",
       "    <tr>\n",
       "      <th id=\"T_7181d_level0_row7\" class=\"row_heading level0 row7\" >7</th>\n",
       "      <td id=\"T_7181d_row7_col0\" class=\"data row7 col0\" >0.013424</td>\n",
       "      <td id=\"T_7181d_row7_col1\" class=\"data row7 col1\" >-0.006862</td>\n",
       "      <td id=\"T_7181d_row7_col2\" class=\"data row7 col2\" >-0.009757</td>\n",
       "      <td id=\"T_7181d_row7_col3\" class=\"data row7 col3\" >-0.003381</td>\n",
       "      <td id=\"T_7181d_row7_col4\" class=\"data row7 col4\" >-0.009118</td>\n",
       "      <td id=\"T_7181d_row7_col5\" class=\"data row7 col5\" >-0.001479</td>\n",
       "      <td id=\"T_7181d_row7_col6\" class=\"data row7 col6\" >0.999952</td>\n",
       "    </tr>\n",
       "    <tr>\n",
       "      <th id=\"T_7181d_level0_row8\" class=\"row_heading level0 row8\" >8</th>\n",
       "      <td id=\"T_7181d_row8_col0\" class=\"data row8 col0\" >-0.006957</td>\n",
       "      <td id=\"T_7181d_row8_col1\" class=\"data row8 col1\" >0.032341</td>\n",
       "      <td id=\"T_7181d_row8_col2\" class=\"data row8 col2\" >0.007312</td>\n",
       "      <td id=\"T_7181d_row8_col3\" class=\"data row8 col3\" >0.013619</td>\n",
       "      <td id=\"T_7181d_row8_col4\" class=\"data row8 col4\" >-0.002438</td>\n",
       "      <td id=\"T_7181d_row8_col5\" class=\"data row8 col5\" >0.000557</td>\n",
       "      <td id=\"T_7181d_row8_col6\" class=\"data row8 col6\" >0.999904</td>\n",
       "    </tr>\n",
       "    <tr>\n",
       "      <th id=\"T_7181d_level0_row9\" class=\"row_heading level0 row9\" >9</th>\n",
       "      <td id=\"T_7181d_row9_col0\" class=\"data row9 col0\" >-0.004376</td>\n",
       "      <td id=\"T_7181d_row9_col1\" class=\"data row9 col1\" >0.000139</td>\n",
       "      <td id=\"T_7181d_row9_col2\" class=\"data row9 col2\" >0.000349</td>\n",
       "      <td id=\"T_7181d_row9_col3\" class=\"data row9 col3\" >0.000269</td>\n",
       "      <td id=\"T_7181d_row9_col4\" class=\"data row9 col4\" >-0.003887</td>\n",
       "      <td id=\"T_7181d_row9_col5\" class=\"data row9 col5\" >-0.000376</td>\n",
       "      <td id=\"T_7181d_row9_col6\" class=\"data row9 col6\" >0.999992</td>\n",
       "    </tr>\n",
       "    <tr>\n",
       "      <th id=\"T_7181d_level0_row10\" class=\"row_heading level0 row10\" >10</th>\n",
       "      <td id=\"T_7181d_row10_col0\" class=\"data row10 col0\" >-0.015499</td>\n",
       "      <td id=\"T_7181d_row10_col1\" class=\"data row10 col1\" >-0.000011</td>\n",
       "      <td id=\"T_7181d_row10_col2\" class=\"data row10 col2\" >0.000088</td>\n",
       "      <td id=\"T_7181d_row10_col3\" class=\"data row10 col3\" >0.000115</td>\n",
       "      <td id=\"T_7181d_row10_col4\" class=\"data row10 col4\" >-0.000198</td>\n",
       "      <td id=\"T_7181d_row10_col5\" class=\"data row10 col5\" >0.000065</td>\n",
       "      <td id=\"T_7181d_row10_col6\" class=\"data row10 col6\" >1.000000</td>\n",
       "    </tr>\n",
       "    <tr>\n",
       "      <th id=\"T_7181d_level0_row11\" class=\"row_heading level0 row11\" >11</th>\n",
       "      <td id=\"T_7181d_row11_col0\" class=\"data row11 col0\" >-0.016238</td>\n",
       "      <td id=\"T_7181d_row11_col1\" class=\"data row11 col1\" >-0.000286</td>\n",
       "      <td id=\"T_7181d_row11_col2\" class=\"data row11 col2\" >-0.000577</td>\n",
       "      <td id=\"T_7181d_row11_col3\" class=\"data row11 col3\" >-0.000204</td>\n",
       "      <td id=\"T_7181d_row11_col4\" class=\"data row11 col4\" >0.000048</td>\n",
       "      <td id=\"T_7181d_row11_col5\" class=\"data row11 col5\" >-0.000005</td>\n",
       "      <td id=\"T_7181d_row11_col6\" class=\"data row11 col6\" >1.000000</td>\n",
       "    </tr>\n",
       "    <tr>\n",
       "      <th id=\"T_7181d_level0_row12\" class=\"row_heading level0 row12\" >12</th>\n",
       "      <td id=\"T_7181d_row12_col0\" class=\"data row12 col0\" >-0.016135</td>\n",
       "      <td id=\"T_7181d_row12_col1\" class=\"data row12 col1\" >-0.000248</td>\n",
       "      <td id=\"T_7181d_row12_col2\" class=\"data row12 col2\" >-0.000619</td>\n",
       "      <td id=\"T_7181d_row12_col3\" class=\"data row12 col3\" >-0.000165</td>\n",
       "      <td id=\"T_7181d_row12_col4\" class=\"data row12 col4\" >-0.000004</td>\n",
       "      <td id=\"T_7181d_row12_col5\" class=\"data row12 col5\" >-0.000098</td>\n",
       "      <td id=\"T_7181d_row12_col6\" class=\"data row12 col6\" >1.000000</td>\n",
       "    </tr>\n",
       "    <tr>\n",
       "      <th id=\"T_7181d_level0_row13\" class=\"row_heading level0 row13\" >13</th>\n",
       "      <td id=\"T_7181d_row13_col0\" class=\"data row13 col0\" >-0.016309</td>\n",
       "      <td id=\"T_7181d_row13_col1\" class=\"data row13 col1\" >-0.000273</td>\n",
       "      <td id=\"T_7181d_row13_col2\" class=\"data row13 col2\" >-0.000582</td>\n",
       "      <td id=\"T_7181d_row13_col3\" class=\"data row13 col3\" >-0.000204</td>\n",
       "      <td id=\"T_7181d_row13_col4\" class=\"data row13 col4\" >0.000062</td>\n",
       "      <td id=\"T_7181d_row13_col5\" class=\"data row13 col5\" >-0.000122</td>\n",
       "      <td id=\"T_7181d_row13_col6\" class=\"data row13 col6\" >1.000000</td>\n",
       "    </tr>\n",
       "    <tr>\n",
       "      <th id=\"T_7181d_level0_row14\" class=\"row_heading level0 row14\" >14</th>\n",
       "      <td id=\"T_7181d_row14_col0\" class=\"data row14 col0\" >-0.033572</td>\n",
       "      <td id=\"T_7181d_row14_col1\" class=\"data row14 col1\" >-0.000476</td>\n",
       "      <td id=\"T_7181d_row14_col2\" class=\"data row14 col2\" >-0.001352</td>\n",
       "      <td id=\"T_7181d_row14_col3\" class=\"data row14 col3\" >-0.000133</td>\n",
       "      <td id=\"T_7181d_row14_col4\" class=\"data row14 col4\" >0.000009</td>\n",
       "      <td id=\"T_7181d_row14_col5\" class=\"data row14 col5\" >-0.000011</td>\n",
       "      <td id=\"T_7181d_row14_col6\" class=\"data row14 col6\" >1.000000</td>\n",
       "    </tr>\n",
       "    <tr>\n",
       "      <th id=\"T_7181d_level0_row15\" class=\"row_heading level0 row15\" >15</th>\n",
       "      <td id=\"T_7181d_row15_col0\" class=\"data row15 col0\" >-0.033575</td>\n",
       "      <td id=\"T_7181d_row15_col1\" class=\"data row15 col1\" >-0.000529</td>\n",
       "      <td id=\"T_7181d_row15_col2\" class=\"data row15 col2\" >-0.001253</td>\n",
       "      <td id=\"T_7181d_row15_col3\" class=\"data row15 col3\" >-0.000162</td>\n",
       "      <td id=\"T_7181d_row15_col4\" class=\"data row15 col4\" >-0.000020</td>\n",
       "      <td id=\"T_7181d_row15_col5\" class=\"data row15 col5\" >-0.000030</td>\n",
       "      <td id=\"T_7181d_row15_col6\" class=\"data row15 col6\" >1.000000</td>\n",
       "    </tr>\n",
       "    <tr>\n",
       "      <th id=\"T_7181d_level0_row16\" class=\"row_heading level0 row16\" >16</th>\n",
       "      <td id=\"T_7181d_row16_col0\" class=\"data row16 col0\" >-0.033665</td>\n",
       "      <td id=\"T_7181d_row16_col1\" class=\"data row16 col1\" >-0.000523</td>\n",
       "      <td id=\"T_7181d_row16_col2\" class=\"data row16 col2\" >-0.001311</td>\n",
       "      <td id=\"T_7181d_row16_col3\" class=\"data row16 col3\" >-0.000121</td>\n",
